170318134001
170318205022
170316720003
170315608003
170318196003
170318196004
170318197003
170318036042
170318036044
170318036041
170318036052
170318047053
170318047061
170318047062
170318047143
170318059011
170318059013
170318059021
170318059022
170318059023
170318059024
170318086001
170318086002
170318088001
170318088002
170318129002
170318129003
170318129004
170318130001
170318130002
170318130003
170318131001
170318131003
170318131004
170318164013
170318164021
170318164022
170318164023
170318164024
170318165001
170318164012
170318197004
170318197001
170318198011
170318198012
170318198013
170318198014
170318198021
170318198022
170318036053
170318036072
170318036073
170318036074
170318036114
170318047134
170318047091
170318059025
170318059026
170318060011
170318060013
170318060023
170318060024
170318089001
170318089002
170318089003
170318090001
170318090002
170318090003
170318090004
170318091001
170318091002
170318132002
170318132003
170318132004
170318132005
170318131005
170318132001
170318166003
170318134002
170318165002
170318165003
170318166001
170318166002
170318047092
170318167001
170318199001
170318199002
170318200001
170318200002
170318036113
170318036112
170318036101
170318036102
170318047093
170318092004
170318047101
170318047102
170318060031
170318060032
170318060034
170318060035
170318060036
170318060042
170318091003
170318092001
170318092002
170318134006
170318093001
170318093003
170318094001
170318094002
170318134003
170318135005
170318135001
170318135002
170318135003
170318136001
170318136002
170311606011
170318136003
170318168002
170318168003
170318168004
170318169001
170318169003
170318169004
170318201011
170318201012
170318201013
170318201014
170318201015
170318037011
170318037021
170318037022
170318037023
170318038001
170311503007
170318036071
170312306002
170311302001
170318005004
170318018001
170314309001
170318368002
170318369002
170313301004
170313301001
170313301002
170314306001
170314306002
170314308001
170314308002
170318342001
170318342003
170315103004
170315102001
170315102002
170315103001
170315906001
170318404002
170318403002
170318403003
170318403001
170312714001
170312715001
170318373002
170318411001
170318411004
170318411002
170314313022
170314313012
170314313013
170314314002
170314314003
170315103003
170315202001
170315905001
170315906003
170318401001
170316004001
170313403001
170316004002
170316004003
170312801002
170313018032
170314402022
170313405001
170318392002
170314401011
170314401023
170314401014
170314402023
170315202002
170314402012
170314403003
170314403004
170314403005
170314403001
170315203001
170315204002
170315203002
170315203003
170315204001
170315204004
170315205003
170315205001
170316006001
170316007001
170318397003
170318397001
170315302001
170318305001
170318305002
170318420002
170313510001
170313510003
170318396001
170318424001
170318424002
170318424003
170314406001
170314406002
170314407001
170314407002
170314408001
170318399003
170315302002
170315302003
170316009001
170316009003
170318398002
170318400001
170318399001
170318399004
170313602001
170318399005
170318400002
170312808001
170312809001
170318343003
170318364001
170318364002
170314408002
170314409001
170314409002
170314409003
170318343004
170318343005
170315303003
170318343001
170315303001
170315303002
170316103002
170315303004
170315304001
170315304002
170318426002
170316103001
170312518001
170316104001
170312518004
170312518005
170318143001
170312518002
170312520001
170312520002
170312520003
170312520004
170318140002
170318140003
170318140004
170318141001
170318141002
170318141003
170318142001
170318171021
170318171022
170318171023
170318172001
170318172002
170318172004
170318173001
170318174001
170318201044
170318202012
170318202013
170318202022
170318040001
170318040002
170318041021
170318041022
170318041061
170318041062
170318041063
170318041064
170310306041
170310801007
170311408001
170312522011
170318050021
170318050023
170318050024
170318064001
170318064002
170318065011
170318065012
170318065021
170318065023
170318065024
170318103011
170318103012
170318103013
170318103014
170318103021
170318103023
170318104001
170318104002
170318142002
170318142005
170318142006
170318174002
170318144001
170318144002
170318175001
170318175002
170318175003
170318175004
170318176002
170316304004
170318024023
170318024024
170318025033
170318025034
170318041023
170318041041
170318041042
170318041043
170318041053
170312609002
170312608002
170312609001
170314008002
170312610002
170312912002
170318431001
170318433001
170318387004
170318431002
170314008001
170318363001
170314105001
170314108001
170314105002
170314106002
170314107001
170314108002
170314903001
170318080023
170318055012
170318080011
170318080012
170318080013
170318080022
170318190003
170318080024
170318119004
170318120001
170318120003
170318120004
170318120005
170318120006
170318121001
170318121002
170318157014
170318157021
170318157022
170318157023
170318157024
170318188005
170318188006
170318189001
170318189002
170318189003
170318192003
170318191001
170318030102
170318030103
170318030104
170318030132
170318046111
170318046061
170318046063
170318055013
170318055021
170318055022
170318055023
170318055024
170318056001
170318056002
170318056003
170318081002
170318082001
170318082002
170318082003
170318083011
170318121003
170318121004
170318121005
170318122001
170318122002
170318122003
170318122004
170318123021
170318157025
170318158001
170318159001
170318159002
170318159003
170318160001
170318160002
170318191002
170318191003
170318191004
170318192001
170318192002
170318035003
170318031001
170318032001
170318032002
170318032003
170318033003
170318046064
170318046071
170318047011
170318056004
170318057011
170318057014
170318057015
170318057021
170318057022
170318058011
170318083012
170318083013
170318083021
170318083022
170318083023
170318084001
170318123022
170318123013
170318123012
170318124001
170318124002
170318124003
170318125001
170318125002
170318160003
170318161001
170318161002
170318161003
170318161004
170318161005
170318192004
170318193001
170318193002
170318193003
170318194002
170318194004
170318194005
170318195001
170318033001
170318034001
170318034003
170318034004
170318034006
170318035004
170318047012
170318047014
170318047051
170318047052
170318126003
170318058012
170318058013
170318058021
170318058022
170318058023
170318058024
170318058025
170318084002
170318084003
170318085003
170318085004
170318125003
170318126002
170318127003
170318126004
170318127001
170318127002
170318128023
170318129001
170318195003
170318162001
170318162002
170318163001
170318163002
170318163004
170318164011
170318195002
170318195004
170312522021
170318196002
170312505004
170316406002
170312819001
170312819002
170318419001
170313802001
170314503002
170314503003
170314601003
170314601004
170314602001
170315305011
170315305012
170315305031
170315306001
170315306002
170315306003
170318426003
170318438001
170316111003
170316113001
170312507002
170312507003
170312507004
170312507005
170312508001
170312508002
170312511001
170312511002
170312521023
170312522023
170318329002
170318329001
170318381003
170312827001
170312828001
170318360001
170313805001
170318360002
170314603023
170313812001
170314603021
170314603022
170314603013
170314605001
170314603011
170314603012
170314604002
170314604003
170314604004
170316114001
170315401013
170316113002
170316113003
170316114003
170316117001
170316115002
170316116001
170316116002
170316117003
170312513004
170312512002
170312512003
170312512001
170312513001
170312513002
170318047103
170312513005
170312514002
170312514003
170318095003
170318047104
170318047111
170318047112
170318047113
170318047114
170318060043
170318061031
170318061033
170318061032
170318061023
170318062012
170318095001
170318096001
170318097002
170318096002
170318096003
170318097001
170318138013
170318097003
170318098001
170318099001
170318138012
170318138024
170318139001
170318138021
170318138022
170318138023
170318171013
170318139002
170318139003
170318170001
170318170002
170318170003
170318170004
170318170005
170318171011
170318171012
170318102001
170318171014
170318201031
170318201032
170318201033
170318201034
170318201041
170318201042
170318201043
170318038002
170318038003
170318038004
170318039011
170318039021
170318039022
170318049021
170318049022
170318049023
170318049024
170318050011
170318050013
170318062022
170318063001
170318063002
170318063004
170318063005
170318063006
170318062011
170318100003
170318101002
170318101003
170318101004
170318102005
170318102002
170318102003
170318102004
170318102006
170318139004
170318105013
170318140001
170318042011
170318042021
170318042022
170318043053
170318051072
170318051073
170318066001
170318067001
170318067003
170318067004
170318068012
170318068013
170318068014
170318068021
170318068023
170318104004
170318105011
170318105012
170318105014
170318144004
170318105015
170318105021
170318105022
170318146001
170318144005
170318144006
170318145001
170318145002
170318145003
170318177001
170318146002
170318144003
170318177004
170318025031
170318179001
170318179002
170318179003
170318179004
170318179005
170318025043
170318026082
170318026081
170315608004
170318043054
170318043051
170318043061
170318043062
170318043064
170314905001
170314907001
170315607001
170315608001
170315608002
170315608005
170315609003
170315610001
170315609004
170315609005
170315609006
170315610002
170315610003
170312506003
170312505005
170312505006
170312505007
170312506001
170312506002
170312507001
170319900000
170318420001
170318245065
170318245053
170318249002
170318252002
170318360003
170318436002
170318358001
170318345001
170318362001
170318439001
170318344002
170314204001
170318407001
170313005001
170313005002
170313006001
170313006002
170318412003
170318412001
170318413001
170318413004
170318413003
170314206001
170314206002
170314208002
170314207001
170314207002
170314207004
170314207005
170314208001
170314911002
170314910001
170314910003
170314911001
170315703001
170314911003
170314911004
170314911005
170315801001
170315703002
170315703003
170315704001
170315704002
170315705001
170315705002
170315801002
170313009002
170313007001
170313008001
170313008002
170313201001
170313012001
170318432002
170318432001
170314912003
170313201002
170318344001
170318344003
170318439002
170314212001
170314912001
170314912002
170314913002
170314913003
170315804002
170314914001
170315001001
170315001002
170315001003
170315802001
170315802002
170315803001
170315804001
170315804003
170315804004
170315805014
170315805022
170312606001
170313017022
170318408001
170318408002
170313016001
170313017011
170313017023
170313017021
170313018021
170314303003
170313206001
170313206002
170314302001
170314302003
170314302004
170314302005
170314303001
170314304001
170314305002
170314304002
170314304003
170314304004
170314305003
170315001004
170315002001
170315002002
170315003001
170315101001
170315805021
170315805011
170315807001
170315806001
170315806002
170315806003
170318428004
170318428002
170318428005
170318428003
170318342004
170318342002
170318340001
170318343002
170314908001
170312505002
170312505003
170318414001
170312922001
170312922002
170312922003
170318414002
170312924001
170312925001
170312925002
170312925003
170312925004
170313104001
170313106001
170313106002
170313108003
170313109001
170313109002
170313109003
170314110001
170314110002
170314110003
170314111001
170314111002
170314112001
170314112002
170314907002
170314907003
170314908002
170315610006
170314908004
170314909024
170315610004
170315611002
170315611003
170315611004
170315701001
170312601001
170318283002
170310105011
170318046072
170310101003
170310632004
170310103003
170310107023
170310107011
170310102012
170318026051
170312106021
170310105022
170310105012
170310106002
170310106004
170318016073
170318020043
170312435002
170312435001
170312504005
170312512004
170312510001
170312517001
170312514004
170316812003
170316809001
170316903002
170316813002
170316813001
170317101001
170316814003
170316905001
170316912002
170318306004
170318343006
170310814032
170318339001
170318339002
170318340002
170314909022
170310201001
170310104003
170310106003
170310306032
170310205003
170310203012
170310301031
170310301032
170310306031
170310307011
170318306003
170310313001
170310106001
170310107012
170318306002
170310205002
170313515002
170310205004
170310203011
170310301022
170310301014
170310315012
170310306012
170310306011
170310313003
170310313002
170310312004
170318060014
170318061041
170317005022
170318024044
170318025041
170318030142
170318043103
170312515004
170312518003
170312604001
170312521011
170312605001
170312610001
170312603001
170316913001
170317001002
170317002003
170311104001
170317004023
170317005021
170318036032
170310814022
170310609004
170313511003
170318072002
170318085001
170318238034
170318233046
170318240062
170318279023
170318312002
170311913022
170318401002
170310609001
170312408001
170310204002
170318024042
170318060012
170318026094
170318045073
170318042013
170318036111
170318051052
170318048042
170318045112
170318051081
170316604002
170316203006
170318152004
170318352001
170318399002
170318397002
170318426001
170318426004
170318438002
170318351001
170318350001
170315603001
170310402022
170316603011
170316711001
170316911004
170318245062
170318130005
170310802013
170310810001
170310813003
170318390004
170314109001
170316115001
170312831002
170316009004
170315808001
170318126001
170318150001
170316203002
170310301042
170310307032
170310701031
170311406021
170318015002
170318018002
170317104004
170310208022
170310627002
170318044061
170318299014
170318285034
170318302021
170318239011
170318262014
170318230015
170318205013
170318209011
170315611005
170318324001
170318315001
170311908003
170311909001
170311910001
170311910002
170311911002
170318322001
170318322002
170318310002
170312222001
170312222002
170318324002
170312227002
170310311003
170312421002
170312422001
170318318001
170310601002
170318241061
170317404002
170318210011
170316706002
170314212002
170318063003
170312205003
170318258022
170318148004
170318016064
170318041091
170310307031
170310308001
170310308004
170310309004
170310311001
170310312003
170310705001
170310705002
170310706001
170310707001
170310707002
170312228001
170312301001
170312304001
170312305001
170312306003
170311801001
170318369001
170314607001
170318100002
170318294021
170318061022
170318208002
170317105002
170312105012
170312309001
170312424002
170318050012
170318061021
170318075003
170318095002
170318152002
170318114014
170318125004
170318133011
170318169002
170310402024
170310314002
170310314001
170318307002
170310317003
170310318001
170310402014
170310717001
170310402012
170310710001
170310711002
170310712001
170310713001
170310715003
170310715002
170310715004
170318326003
170311003005
170311003006
170311005001
170311006001
170311007002
170316114002
170314607002
170314313021
170314401022
170316502003
170311508003
170316605001
170316909003
170317004013
170317302015
170318013002
170318202011
170318203004
170310801003
170310804001
170318383001
170310812012
170311007005
170311101001
170311101003
170311101004
170311103002
170311103003
170311103004
170311103005
170311506003
170311507003
170311508001
170311602002
170311511004
170311512001
170311601002
170310407002
170311602004
170311603003
170311604001
170318407002
170316303001
170318041051
170318083014
170318221022
170318241232
170318245033
170318245063
170318265002
170310403002
170310403003
170310404021
170310404025
170310404023
170310406001
170310406002
170310407003
170310408001
170311201002
170310409002
170310402021
170311104003
170311105012
170311201001
170311604002
170311202002
170311202003
170311202004
170311604003
170311607005
170311608002
170311608003
170311610001
170311610002
170311611001
170310901002
170312504004
170312511004
170318365001
170310505003
170310505004
170310506001
170310506002
170310507001
170310509001
170310514002
170318437002
170310601001
170310601003
170310815002
170310815003
170310818003
170310901003
170311613003
170311203001
170311203002
170311203003
170311203005
170311203006
170311204002
170311204003
170311611002
170311612002
170311912001
170311613004
170311701001
170311702001
170311702002
170311703001
170311704002
170311705002
170312001003
170311912002
170318315002
170312001002
170318152001
170312002001
170318149003
170318149004
170318150002
170318150003
170318151001
170318151003
170318076001
170318182004
170318183004
170318183001
170318184011
170318027011
170318028022
170318028023
170318028024
170318044042
170318044041
170318045081
170318045091
170318045094
170318051116
170318051121
170318052011
170318052012
170318073005
170318074002
170318074003
170318075001
170318075002
170318076002
170318111004
170318153003
170318112001
170318112002
170318112004
170318113011
170318113012
170318152003
170318152005
170318153002
170318113013
170318153004
170318154001
170318154002
170318154003
170318184012
170318184013
170318184014
170318184021
170318184022
170318184023
170318028025
170318029001
170318029002
170318029003
170318029004
170318030051
170318045092
170318045093
170318045104
170318045111
170318045103
170318045051
170318045052
170318052013
170318052021
170318052023
170318052024
170318053011
170318076003
170318076004
170318076005
170318077001
170318077002
170318077003
170318077004
170318156001
170318113021
170318113022
170318114011
170318114013
170318114015
170318154004
170318155001
170318155002
170318155003
170318155004
170318155005
170318155007
170318156002
170318185001
170318185002
170318186002
170318030052
170318030171
170318030071
170318030072
170318045053
170318046032
170318046033
170318053021
170318053022
170318054011
170318054012
170318054013
170318078001
170318078002
170318079001
170318079002
170318114021
170318114022
170318114023
170318119001
170318119002
170318119003
170318156003
170318156004
170318156005
170318157011
170318157012
170318157013
170318187001
170318187002
170318187003
170318187004
170318188001
170318188002
170318188003
170318188004
170318030073
170318030081
170318030082
170318030101
170318046082
170318046112
170318054021
170318054022
170318054023
170318054024
170318054025
170318055011
170313017013
170318134004
170316009002
170313807001
170314205001
170312515001
170318387003
170318163003
170317608021
170310802011
170318240042
170314601002
170318046074
170318016063
170318060021
170311503003
170311510021
170312001001
170312426002
170318103022
170312309002
170318068022
170310317004
170310627001
170318240051
170318253034
170310321005
170310633021
170310701012
170310715006
170315502002
170318274003
170310315021
170310314006
170310312001
170310313004
170310315013
170310608002
170310315022
170310321003
170310621003
170310404013
170310402011
170310609002
170310620001
170310631001
170310315011
170310608003
170310315023
170310321004
170310321002
170310619012
170310619011
170310619013
170310621002
170310621001
170310633022
170310620002
170310632003
170310632005
170310632001
170310633012
170310633011
170310634002
170318033002
170318026084
170318026055
170318026093
170317114002
170318030172
170318036034
170318237021
170318238051
170318240053
170312606002
170312607002
170312705001
170312718001
170312712001
170312713001
170312827002
170317201002
170317103001
170317104005
170317112004
170317109002
170317110002
170317202003
170318348001
170318253023
170318299013
170318349002
170318346004
170318346003
170318348003
170318348002
170318418001
170315305033
170310701011
170310630002
170310634001
170310633023
170310718001
170310714002
170310714004
170310702002
170310801005
170310715005
170310803004
170310701023
170317003013
170310810003
170310803002
170310702003
170310701022
170310714003
170310714001
170310715001
170310803003
170310803001
170310801001
170310802012
170310801004
170310801006
170310802021
170310810004
170310810006
170310811002
170318241132
170310811001
170318030121
170318036064
170318036054
170318036063
170318036051
170318241081
170313103001
170318245071
170318245072
170318253041
170318241223
170318434001
170312801001
170318382001
170310206011
170312832001
170312924002
170311913012
170317203003
170317205002
170317307002
170317207002
170317501003
170317304003
170317306002
170317305004
170318285063
170318285041
170318287023
170318293023
170318294023
170313018023
170313018022
170318044044
170318030131
170318030161
170318043091
170318047133
170312312004
170318118002
170318288021
170311001003
170311001004
170311001001
170311002001
170311002002
170311002003
170311303001
170318318002
170311401002
170311404001
170311405001
170311405002
170318312001
170312101002
170312101003
170318311001
170318311004
170318311003
170312104001
170312306004
170312306006
170312307002
170312309003
170312312001
170312312003
170312312005
170318421006
170312107002
170318421002
170312315001
170317108002
170313902002
170318114012
170318039012
170310502001
170318209014
170311707001
170311407012
170311504012
170311504021
170311504013
170311505011
170311505012
170311706002
170311707002
170311707003
170311903003
170311708003
170311709001
170311710002
170311710003
170311710005
170311710006
170311711002
170318423001
170312403001
170318310001
170312423001
170312503001
170312503003
170312504002
170312505001
170318306001
170310202001
170310204001
170310204003
170310206021
170310207022
170311801004
170318316002
170318316004
170311901001
170311902001
170311903001
170312106022
170311904021
170311904012
170311904011
170312429001
170312108001
170312109002
170312203001
170312203002
170312205001
170312206023
170312426004
170312427001
170310301041
170310207012
170310208024
170310208014
170310208011
170310208023
170310304001
170310302001
170310302002
170310302004
170310603001
170310629002
170310604001
170310604003
170318319001
170310626001
170310627003
170317112003
170312210001
170312211001
170312211002
170312213002
170312214001
170312216001
170312216002
170312410002
170312423002
170314106001
170312413001
170312414001
170312414004
170312415001
170312415003
170312421001
170315501004
170316502002
170313107001
170315906002
170314303002
170318155006
170318194003
170312916001
170318053013
170318036104
170310717002
170310304002
170310305001
170310305004
170318034005
170312608001
170318128022
170314402011
170318316006
170318105024
170318049025
170314604001
170310602001
170318028011
170311404002
170312433001
170312434002
170318423002
170312502002
170318045101
170311908001
170318421003
170312226001
170310309001
170310512002
170318074004
170312410001
170310713002
170318093002
170318276001
170318190004
170310703002
170310704001
170310704002
170310704003
170318318003
170312215002
170318072005
170311607002
170310604002
170310404012
170318246024
170317707001
170312514001
170318398003
170318050014
170317106002
170314305001
170318065022
170311908004
170311711001
170318233044
170318245031
170316604003
170315907001
170315609001
170318218006
170318199003
170318142003
170313016002
170318161006
170318112003
170318074001
170317404001
170316111002
170318198015
170314302002
170312506004
170312213003
170318153001
170314503004
170314207003
170318415001
170318177002
170318066002
170318110001
170318059012
170318439003
170318439005
170310314005
170319800001
170310301012
170311407022
170312515003
170316202001
170316202002
170316203003
170312515002
170312516001
170312516002
170312516003
170318314001
170312607001
170318272004
170318238011
170312838002
170318419002
170312838001
170315501005
170315502001
170315601001
170316204003
170316304001
170316203004
170316203005
170316204001
170316204002
170316204004
170316304002
170316301001
170316302001
170316303002
170316304003
170318430001
170318429004
170318386002
170318386001
170313904002
170318361001
170313905001
170313906001
170313906002
170313907002
170318361003
170314803001
170318361002
170314801001
170314802001
170314803002
170314804001
170315602002
170314804002
170314804003
170314804004
170314804005
170315602001
170315604001
170310625001
170318048032
170318025042
170312002003
170310206013
170318067002
170310505001
170310817001
170310314004
170310402023
170318092003
170310309002
170318283001
170318278043
170318085002
170310308003
170310710002
170312411001
170317705002
170312227001
170318288014
170318247022
170318267001
170318231013
170316501002
170318304002
170318060022
170318264022
170318202014
170316501004
170317304004
170318255053
170316716002
170315610005
170317108005
170310403001
170310603002
170312302001
170318300033
170318279011
170318304001
170318117011
170318281001
170318239012
170313108001
170318235003
170317401003
170315609002
170316910004
170316708001
170318142004
170314903002
170317107003
170315807003
170318220005
170316806001
170318139005
170316309001
170318196001
170314913001
170315806004
170316117002
170317114003
170316203001
170311708002
170312521022
170318176003
170314205002
170314802002
170318131002
170317708001
170311503004
170318062021
170318112005
170318041092
170318042024
170314203001
170318183002
170318182003
170318398001
170312513003
170311908005
170314004002
170318109001
170318051051
170318035002
170311906023
170318047163
170317105003
170316118002
170316119002
170316910002
170318172003
170318363002
170318057012
170318107023
170318051071
170312511003
170318034002
170311504022
170318312003
170313302001
170318028021
170318060033
170316111001
170316811003
170317102001
170318194001
170314913004
170318043063
170311510012
170312306005
170310611001
170318074005
170318168001
170314908005
170313504001
170312521021
170313108002
170318134005
170316909002
170318109004
170318060025
170318035001
170311911006
170318381001
170313802002
170310815001
170310810005
170310306043
170310301023
170310812011
170310816001
170310813006
170310813004
170310814012
170310814011
170311403011
170311003002
170317608033
170311105014
170310814033
170310633031
170310812013
170310813005
170310813001
170310813002
170314314004
170313201003
170318390003
170314307002
170314101002
170314109002
170313903001
170318241221
170313511002
170318042014
170318036115
170318046083
170318046081
170318036033
170318255034
170313106003
170318255035
170318255013
170318255012
170318258034
170313018012
170315702001
170313105001
170316006002
170313204001
170313302002
170312206012
170317402004
170317402003
170317403002
170317404004
170317506004
170317505003
170317505004
170318325001
170318206032
170310209021
170310203013
170310203023
170318319002
170318320001
170310701013
170318240032
170318279021
170318253042
170318241142
170318241163
170313301003
170318011003
170318013001
170318049011
170318049012
170318049013
170311406022
170311406011
170311606012
170311504014
170311505022
170312105011
170312105021
170312207011
170312106012
170312212001
170312206021
170312206024
170312209012
170313511001
170318392003
170313501002
170313012003
170312420003
170313007003
170313009003
170312105023
170318045061
170318429002
170310816002
170310812021
170313814001
170318045074
170318037012
170318037024
170318051053
170318041082
170318043092
170318285064
170318240061
170318300071
170318300073
170313406001
170313514001
170313801001
170313812002
170311505013
170313907001
170314003001
170317707002
170310802022
170311504023
170311407021
170311605022
170311606023
170311913021
170312209021
170312209022
170318048093
170318048101
170318048102
170318048103
170318048104
170318383002
170318049015
170318107022
170318116002
170318116003
170318325002
170318326002
170318323001
170311105013
170318318005
170318011004
170318012001
170318012002
170318108003
170318108004
170318108001
170318109002
170317608032
170318109003
170318109005
170318115001
170318115002
170318115003
170318116004
170318117012
170318117021
170318117022
170318117023
170318118001
170318005005
170318006001
170318006002
170312209011
170317003012
170312420001
170310105031
170311105022
170312519002
170312519004
170312819003
170310812024
170310718002
170312519003
170312519001
170317608012
170317608031
170312212002
170310632002
170310619024
170310619022
170318087022
170314202001
170318047142
170318254002
170318044062
170318048044
170318048031
170318300072
170318300082
170318300083
170318300081
170318303004
170318302011
170314004001
170314201001
170318115004
170318116001
170318418002
170314309002
170314312002
170314312001
170314313023
170318007004
170318008001
170318009001
170318009002
170318009003
170318009004
170312522025
170318391002
170315401022
170316503013
170316503014
170314909012
170317003023
170317003024
170318010003
170318010004
170318367002
170318011001
170318011002
170318317001
170311510022
170311906022
170312207022
170318421001
170318367001
170318390002
170318366001
170318382002
170310209022
170310307061
170310102022
170319801001
170313011001
170313009001
170313012002
170318044052
170318241204
170318061034
170318061043
170318111001
170318111005
170318044051
170318044063
170314403002
170318045062
170318045102
170318047132
170318047131
170318236021
170318236023
170318302013
170318298004
170318298005
170318303001
170318030133
170316915002
170314402021
170310307033
170316913002
170314701001
170314503001
170314601001
170317004011
170317302012
170313018033
170313018031
170317005016
170315805013
170310814031
170318104003
170318007001
170318007002
170318007003
170318049014
170314109003
170318330002
170318330001
170318313001
170318430002
170318378001
170318374001
170318010001
170318010002
170313018011
170310814021
170313515001
170313501001
170313510002
170314101001
170310206024
170314301011
170318133012
170314301012
170318439004
170310102021
170318133013
170318025053
170318137021
170318137022
170318128011
170318137023
170318137024
170318025052
170315103002
170318046062
170318047161
170318047162
170318047151
170318047152
170318045072
170318030152
170318036083
170318036062
170318036061
170314805003
170314610001
170314701002
170314801002
170314805002
170318061042
170318108002
170318044043
170318137012
170318137011
170318025062
170318368001
170318371001
170318370002
170310619023
170318374002
170318370001
170318373001
170318331003
170314307001
170314314001
170314401021
170314401024
170318020041
170315305021
170315401023
170315805023
170315401014
170318016072
170318241173
170318020042
170318020044
170318030151
170318030141
170318026083
170314910005
170318241171
170318241172
170318050022
170317702021
170318030173
170318045063
170318043081
170310202003
170310401001
170310305003
170314906001
170314904001
170314905002
170314908003
170314909021
170314910004
170314910002
170318020031
170318204002
170318030153
170318217003
170318240033
170317706021
170316308002
170316308003
170318351002
170316308001
170318390001
170318381002
170318378002
170318380002
170318380001
170318331001
170318333001
170316405002
170316403006
170316403003
170316404001
170316406001
170310633032
170316403005
170316308004
170316309003
170316401001
170316403001
170316403002
170316309002
170318314002
170316103003
170310207024
170317003022
170310609003
170310404024
170310404022
170310314003
170310501002
170311403021
170318241073
170318241212
170318241063
170317705001
170318241133
170318060044
170318060041
170318241082
170318241201
170318094004
170318087021
170318070004
170318241203
170310404014
170310502002
170314914002
170310502003
170310703001
170318422001
170310818002
170310817002
170311001002
170314914003
170313201004
170315003002
170315202003
170316305001
170316305002
170315101002
170315102003
170315206001
170316305003
170316305004
170318351003
170318001002
170318012003
170318026101
170318025032
170318026092
170318071002
170318079003
170318098002
170318118004
170318118003
170318113014
170318429003
170318429001
170318412002
170318387001
170311906021
170318416001
170318417001
170318407003
170311403022
170311406024
170311510023
170311907021
170311907022
170312004022
170312004023
170312206011
170312207023
170312207024
170312105022
170312522022
170318094003
170318241211
170317702012
170318046092
170318051054
170318046091
170311006004
170318100001
170318237024
170318238053
170318238062
170318238012
170318123011
170318123023
170315302005
170311004003
170311005004
170311005005
170311502002
170315201001
170315203004
170315205002
170315301002
170315301001
170315302004
170315501006
170318026071
170318031002
170318036122
170318036043
170318030083
170318047095
170314909013
170318162003
170318167002
170318143002
170318183003
170318177003
170318176001
170318435001
170318413002
170318305003
170318402001
170318404001
170312522024
170312521024
170317608011
170314402013
170315401012
170315305013
170315305014
170314909011
170311303003
170317004014
170315805012
170314401012
170317702011
170317702013
170318046102
170318046113
170318046101
170317703004
170318047141
170318237031
170318186003
170318186001
170318185003
170318185004
170311502004
170311301003
170311404005
170315703004
170311407011
170311606013
170311502001
170311510011
170311607003
170315602003
170315603002
170315607002
170316404002
170316403004
170315807002
170315907002
170318039023
170318254003
170318041052
170318044031
170318043052
170318197002
170318206042
170318205015
170318133021
170318244001
170318391001
170318410001
170318411003
170318355001
170318395001
170318396002
170318028015
170310804002
170310804003
170310810002
170317113001
170317113002
170317114001
170317115001
170317115002
170317201003
170317706022
170317706011
170318022001
170316904001
170317104003
170317703001
170318017024
170318019011
170318036081
170318042012
170318042023
170318049016
170318050025
170312315004
170317201001
170317202001
170317202002
170318071001
170317708002
170317709013
170317709014
170317709011
170317709012
170317709021
170317709022
170318057013
170318051061
170318068011
170318081001
170318101001
170318164014
170318110002
170318120002
170318128012
170318138011
170318151002
170312414003
170312408002
170312411002
170312412001
170312412002
170312414002
170318274001
170312415002
170312416001
170312416002
170318255011
170318255031
170318255032
170318255033
170318273002
170318273003
170318210025
170318274002
170318274004
170318275001
170318205023
170318205024
170318206033
170318206041
170318206061
170318207002
170318248001
170318248002
170318248003
170318255041
170318255042
170318255051
170318255052
170318255054
170318275002
170318284012
170318284013
170318284014
170318284021
170318207004
170318208001
170318209012
170318209013
170318209021
170318209022
170318207003
170318209023
170318209024
170318210012
170318256001
170318256002
170318256003
170318256004
170318257001
170318257002
170318284022
170318285052
170318285053
170318285054
170318285061
170318210014
170318210021
170318210022
170318210023
170318210024
170318210013
170318227014
170318211011
170318211013
170318211014
170318226013
170318226021
170318226022
170318226023
170318227012
170318227013
170318227021
170318227022
170318285066
170318257003
170318258011
170318258012
170318258013
170318258021
170318258023
170318258031
170318285062
170318285065
170318286011
170318211021
170318211022
170318211023
170318211024
170318212001
170318212002
170318212003
170318212004
170318213001
170318227023
170318228011
170318228012
170318228021
170318228022
170318228023
170318229001
170318230011
170318258032
170318258033
170318259001
170318259002
170318259003
170318260001
170318260002
170318260003
170318261001
170318286012
170318288011
170318288012
170318288013
170318288015
170318213002
170318213003
170318213004
170318214011
170318214012
170318214013
170318214014
170318214021
170318230012
170318230013
170318230014
170318230021
170318230022
170318230023
170318230024
170318231011
170318231012
170318286013
170318238064
170318238052
170318238061
170318261002
170318261003
170318261004
170318261005
170318261006
170318262011
170318263011
170318286014
170318286021
170318235001
170318286022
170318287011
170318287012
170318287013
170318214022
170318214023
170318216001
170318216002
170318216003
170318216004
170318216005
170318217001
170318231014
170318231015
170318231021
170318231022
170318232001
170318239031
170318239032
170318239033
170318239034
170318239042
170318262012
170318262021
170318262022
170318262023
170318262024
170318287014
170318287021
170318217004
170318217005
170318217002
170318218001
170318218002
170318218003
170318218004
170318218005
170318219001
170318219002
170318232002
170318233021
170318233022
170318233023
170318233031
170318239043
170318239044
170318240052
170318262025
170318263012
170318263013
170318263031
170318263032
170318263033
170318263034
170318284023
170318285032
170318285033
170318285042
170318285043
170318285051
170318219004
170318220001
170318220002
170318220003
170318220004
170318221011
170318219003
170318221012
170318233032
170318233033
170318233034
170318233035
170318233041
170318233042
170318233045
170318241051
170318241052
170318241053
170318263041
170318263042
170318263043
170318264011
170318264021
170318264023
170318264024
170318275003
170318276002
170318276003
170318277001
170318277002
170318278012
170318278013
170318024022
170318027012
170318027013
170318027014
170318221013
170318221014
170318221021
170318221023
170318221024
170318222001
170318222002
170318222003
170318223011
170318223012
170318234002
170318234003
170318234004
170318235002
170318235004
170318241071
170318241072
170318241231
170318241234
170318264025
170318265001
170318265003
170318265004
170318266001
170318278014
170318278021
170318278022
170318278041
170318278042
170318278051
170318027021
170318027022
170318027023
170318028012
170318028013
170318028014
170318035005
170318223013
170318224001
170318223014
170318223021
170318223022
170318223023
170318223024
170318245051
170318224002
170318236022
170318236041
170318236042
170318236043
170318241235
170318241131
170318241161
170318278052
170318278053
170318279012
170318279022
170318279024
170318036031
170318047121
170318047122
170318224003
170318224004
170318225001
170318225002
170318225003
170318225004
170318226011
170318226012
170318236051
170318236052
170318236053
170318237022
170318237023
170318241162
170318241164
170318241151
170318241152
170318243001
170318280001
170318280002
170318280003
170318280004
170318281002
170318281003
170318281004
170318281005
170318048041
170318048043
170318048051
170318048052
170318048053
170318048054
170318237032
170318237033
170318237041
170318237042
170318237043
170318237051
170318243002
170318248004
170318249001
170318250001
170318266002
170318282011
170318282012
170318282021
170318282022
170318282023
170318282024
170318048061
170318048062
170318048063
170318048071
170318048072
170318048073
170318237052
170318237053
170318237054
170318238031
170318238032
170318245032
170318245034
170318250002
170318250003
170318252001
170318253032
170318266003
170318266004
170318266005
170318267002
170318267003
170318267004
170318268001
170318268002
170318284011
170318048074
170318048081
170318048082
170318048083
170318048091
170318238033
170318238063
170318245052
170318245061
170318245064
170318253031
170318253021
170318253022
170318294022
170318268003
170318269011
170318269021
170318269022
170318270001
170318270002
170318270003
170318271001
170318048092
170318202023
170318203001
170318203002
170318203003
170318204003
170318246011
170318246012
170318246013
170318246014
170318246021
170318254001
170318271002
170318271003
170318272001
170318272002
170318272003
170318273001
170318204001
170318205011
170318205012
170318205014
170318205021
170318246022
170318246023
170318246025
170318247011
170318247012
170318247013
170318247021
170318247023
170318285031
170318278011
170310505002
170311507002
170311507004
170311508004
170311508005
170311510024
170311511001
170311511002
170311511003
170311512002
170318295003
170318296001
170318296002
170318296003
170318297001
170311512003
170311603001
170311601001
170311602001
170311602003
170311603002
170311606022
170311605011
170311605023
170311606021
170318297002
170311704004
170318298001
170318298002
170318298003
170310712002
170311607001
170311607004
170311608001
170311608004
170311608005
170311609001
170311609002
170311612001
170311613001
170311613002
170311702003
170318299011
170318299012
170318299021
170318299022
170318299023
170310811003
170318285044
170318287022
170318297003
170318300043
170318043082
170310207011
170311703002
170311703004
170311703005
170311704001
170311704003
170311705001
170311710004
170311706001
170311708001
170311710001
170318299024
170318300011
170318300031
170318300032
170318300041
170311711003
170311801002
170311801003
170311801005
170318316001
170318316005
170318316003
170311902002
170311902003
170311902004
170311903002
170311903004
170318300042
170318300051
170318300052
170318300061
170318300062
170318301001
170310107022
170310301021
170310301013
170311906011
170311906012
170311907023
170311908002
170311911001
170311904022
170311911003
170311911004
170318301002
170318302012
170318302022
170318303002
170310818001
170311911005
170311913013
170312002002
170312002004
170312003001
170312003002
170312004021
170318303003
170318304003
170318304004
170311303004
170311408003
170311605012
170318322003
170312912001
170318428006
170311001005
170310819001
170310901001
170310901004
170310902001
170310902002
170310902003
170310902004
170310902005
170310903001
170312004011
170318351004
170312101001
170318311002
170312104002
170312106011
170312106023
170312106013
170312107001
170316706001
170316909001
170318016081
170318101005
170318233043
170311002004
170311002005
170311002006
170311002007
170311003001
170311003003
170311003004
170311004001
170311004002
170318309001
170318309003
170318309002
170312204001
170312205002
170310801002
170310812022
170311403012
170312207012
170312206022
170312522012
170311005002
170311005003
170310105021
170310619021
170311006002
170311006003
170311007001
170311007003
170312206025
170312210002
170312211003
170312307003
170311007004
170311101002
170311101005
170311102001
170311102002
170311103001
170312213001
170312214002
170312214003
170312215001
170312225001
170312229001
170312303001
170312304002
170311104002
170311105015
170311105021
170311105011
170311201004
170312306001
170312307001
170312307004
170312308001
170318366002
170312311001
170318421004
170311202001
170311203004
170311204001
170311301001
170311301002
170311303002
170318318004
170311401001
170318421005
170312315002
170312315003
170318288022
170318288023
170318289001
170318289002
170311402001
170311402002
170311402003
170311404004
170311405003
170318289003
170318290001
170318290002
170318291001
170318291002
170318292001
170311407024
170311407023
170310812023
170317608034
170318241191
170318241202
170318241192
170318044033
170318043104
170311408002
170311408004
170311408005
170311502005
170311502003
170318292002
170318292003
170318292004
170318293011
170318293012
170318293021
170318293022
170311503001
170311503002
170311503005
170311504011
170311505023
170311506001
170311506002
170311506004
170311507001
170318294011
170318295001
170318295002
170311505021
170312207013
170310107024
170312502001
170312522013
170318206053
170318128021
170318025051
170318043112
170318241062
170318241222
170318240041
170317702022
170318238013
170318237034
170313404001
170310307062
170310209012
170314005001
170314606001
170314909023
170315401021
170315204003
170316603023
170317107002
170310619014
170310105013
170310306013
170310307021
170310301011
170317105004
170317302022
170317306003
170318130004
170311605021
170314402014
170310802023
170316405001
170316609001
170318025061
170318043111
170318219005
170318020021
170318046031
170312209013
170310632006
170318046093
170318371002
170318331002
170318415002
170318258035
170318036121
170318043083
170314401013
170314313011
170317005015
170310633013
170314301022
170314301023
170314301021
170314301013
170314301014
170316603022
170311403023
170311406023
170310101002
170310103002
170317702023
170318051074
170318051075
170317706013
170318025044
170318024043
170318201017
170318201016
170318206062
170318206031
170318206052
170311705004
170311705003
170311913011
170311907012
170311907011
170312004012
170312109001
170316121001
170312107003
170316007002
170316108001
170315305032
170316110001
170316120002
170316112002
170316119001
170316118001
170318047094
170318245035
170318046073
170318047123
170318051062
170318243003
170318133022
170318241083
170318241074
170318241233
170318365002
170318364003
170318355002
170318357001
170318356001
170318356002
170318359002
170318359003
170318359001
170310104002
170310103004
170310201002
170310102011
170310103001
170318036082
170310104001
170310105032
170310107021
170310205001
170313011002
170318045071
170318041081
170316503022
170318048033
170318070001
170318241141
170310313005
170313907003
170318024031
170318043101
170318043102
170318026091
170318206051
170318236031
170318236032
170318240031
170318236024
170312204002
170312405001
170312406001
170312407001
170312305002
170312315006
170312315005
170312409001
170310102013
170316705001
170316503021
170316709002
170316609003
170316611005
170316805002
170316702001
170316708002
170316704001
170316806002
170316715003
170316715002
170316718001
170316719001
170316809002
170316810004
170318051092
170318053012
170318051122
170318053023
170318062023
170318241174
170318268004
170318001001
170318022002
170318180003
170318190001
170318174003
170318208003
170318215001
170318227011
170318253033
170318262013
170318282013
170318285055
170312420002
170312422002
170312424001
170310202002
170312425001
170312425002
170312426001
170318022003
170318023001
170318024041
170318024021
170316809004
170310206022
170312426003
170312430001
170312431001
170312434001
170312434003
170310203022
170310203021
170316407001
170310206023
170310206012
170310207023
170312503002
170312503004
170312504001
170316406003
170316407002
170316407003
170316811001
170316407004
170316408001
170316408002
170316501001
170316810002
170316810003
170316810001
170316811002
170316812004
170316811004
170316811005
170316812002
170316812001
170313007002
170318392001
170310814023
170312207021
170310101001
170310306042
170315401011
170316504003
170317203004
170317203002
170317204001
170317204002
170312831001
170318002001
170318002002
170318002003
170318002004
170318002005
170310207021
170310208021
170310208013
170310208012
170310209013
170310209011
170310302003
170310303001
170310303002
170316501003
170316502001
170316502004
170316502005
170316503012
170316503011
170316504001
170316504002
170316504004
170316813003
170316814001
170316903001
170316814004
170316814002
170318425001
170316505002
170317205001
170317206001
170317206002
170317207003
170317207001
170317301001
170317301002
170317301003
170318002006
170318003001
170318003002
170318003003
170318004001
170310305002
170310308002
170310309003
170310310001
170310310002
170310310003
170310311002
170310312002
170316504005
170316505001
170316603021
170316505003
170318350002
170318350004
170318350005
170318350003
170317304001
170316904002
170316904003
170316904004
170317302021
170317302023
170317302013
170317302011
170317302014
170317303001
170318005003
170318004002
170318004003
170318005001
170318005002
170310319002
170318013003
170318013004
170318307003
170318307004
170310317001
170310317002
170310319001
170316606001
170318307001
170310321001
170316604001
170316604004
170316605002
170316605003
170316605004
170316606002
170316606003
170316607002
170316606004
170316606005
170316607001
170316608001
170316608002
170316911002
170316909004
170316909005
170316910001
170316910003
170316911001
170316911003
170317305003
170317304002
170317305001
170317305002
170316610001
170317306001
170317307001
170318014001
170318014002
170318015003
170318016012
170318016031
170310401002
170310401003
170310402013
170310404011
170318308001
170310406003
170310407001
170310407004
170310408002
170316608003
170316608005
170316609002
170316611002
170316610002
170316610003
170316610004
170316610005
170316611001
170316914002
170316912003
170316912001
170316914001
170316914004
170317402002
170316914005
170316915003
170316915001
170317401001
170317401002
170317401004
170317402001
170317002004
170318016032
170318016051
170318016052
170318016053
170318016054
170310409001
170318308002
170318308003
170310501001
170310503001
170310503002
170310503003
170318437001
170310505005
170310508001
170316611003
170316611004
170316701001
170316701002
170316703001
170316703002
170317001001
170317002001
170317002002
170310628002
170317003011
170317403003
170317403004
170317403005
170317404003
170317501001
170317501002
170317501004
170318016055
170318016061
170318016062
170318016065
170318016071
170310510001
170310512001
170310513001
170310513002
170310514001
170310605001
170318321002
170310610001
170310612001
170316707001
170316709001
170316712001
170316712002
170316713002
170316713003
170317003021
170317502001
170317502002
170317502003
170317502004
170317503001
170317503002
170317503003
170317504001
170317504002
170318016082
170318016083
170318016084
170318017011
170310615001
170310618001
170310622001
170310622002
170310623001
170310624001
170310628001
170310628003
170316716001
170310629003
170310630001
170316714001
170316714002
170316715001
170318346001
170316716003
170318349001
170317004022
170317004021
170317004012
170317005012
170317005011
170317005013
170317504003
170317505001
170317505002
170317506001
170317506002
170318017012
170318017021
170318017022
170318017023
170318018003
170318047013
170310702001
170310705003
170310706002
170310711001
170316720001
170316720002
170316720004
170318346002
170317102005
170317005014
170317102003
170317102004
170312504003
170317104001
170317104002
170317104006
170317506003
170318018004
170318019012
170318019013
170318019021
170318019022
170318019023
170310716001
170318326001
170318347001
170318347002
170316805001
170316809003
170317105001
170317106001
170317107001
170317107004
170317108001
170317108003
170317108004
170317108006
170317109001
170317703003
170317703005
170317703002
170317704001
170318020022
170311503006
170311508002
170317110003
170317110001
170317111001
170317111002
170317111003
170317112001
170317112002
170317704002
170317704003
170317706012
170317706023
170318021001
170318021002
170318021003
170312432001
170314605002
170318388001
170318428001
170316502006
170316707002
170318107011
170317403001
170318279025
170318239041
170318051082
170318051083
170318051084
170318051093
170318051091
170318051101
170318069001
170318069002
170318069003
170318070002
170318070003
170318071003
170318105023
170318105025
170318106001
170318106002
170318106003
170318147002
170318107012
170318107013
170318107014
170318146003
170318146004
170318146005
170318147001
170318147003
170318148002
170318147004
170318147005
170318148001
170318148003
170318182002
170318180001
170318180002
170318181001
170318181002
170318182001
170318072003
170318190002
170318026052
170318026053
170318026054
170318044032
170318051102
170318051103
170318051104
170318051111
170318051112
170318051113
170318051114
170318051115
170318073004
170318072004
170318072001
170318073001
170318073002
170318073003
170318107021
170318110003
170318110004
170318110005
170318111002
170318111003
170318148005
170318149001
170318149002
170310202004
170311906013
170312602001
170314602002
170316713001
170316603024
170318240043
170312421003
170312428001
170312429002
170312430002
170312431002
170312804001
170312432002
170312433002
170318436001
170314603024
170318388002
170310701021
170318347003
170315611001
170318207001
170318202021
170315611006
170317203001
170318211012
170316608004
170317102002
170310602002
170314102001
170318016011
170311201003
170318036103
170311404003
170312312002
170316112001
170318080021
170318135004
170318052022
170310629001
170318015001
170313017012
170316914003
170311703003
170318264012
170318234001
170313818002
170313815001
170313817001
170313818001
170313819001
170313819002
170313904001
170313901001
170313902001
170313903002
170314605003
170314605004
170315501002
170314605005
170314605006
170314605007
170314607003
170315501001
170315501003
170316201003
170316201001
170316120001
170316201002
170312402001
170310511001
170314805001
170310307022
170310608001
170310609005
170310631002
170310633024
170310630003
170310701032
170318321003
170318321001
170312909001
170312909002
170312909003
170312909004
170318387002
170313102001
170313102002
170314005002
170314804006
170314804007
